2147483647
2147450880
2146453540
2130031575
2118000528
2141851635
1984829850
1916797311
2054455634
1917334783
1676056044
1852482996
1476337800
1391975640
1855967520
1166803110
1166803110
1037158320
1855967520
1391975640
927983760
1476337800
834451800
1251677700
1852482996
854992152
1203322288
1676056044
635745396
847660528
1121099408
1471442973
1917334783
563921995
708930508
886163135
1101716330
1362649145
1677106640
2054455634
450978066
536878650
636763050
752538150
886322710
1040465790
1217566350
1420494075
1652411475
1916797311
300674088
341149446
386206920
436270780
491796152
553270671
621216192
696190560
778789440
869648208
969443904
1078897248
1198774720
1329890705
1473109704
1629348612
1799579064
1984829850
201359550
218618940
237093780
256851595
277962685
300500200
324540216
350161812
377447148
406481544
437353560
470155077
504981379
541931236
581106988
622614630
666563898
713068356
762245484
814216767
869107785
927048304
988172368
1052618392
1120529256
1192052400
1267339920
1346548665
1429840335
1517381580
1609344100
1705904746
1807245622
1913554188
2025023364
2141851635
122391522
128164707
134153712
140364532
146803272
153476148
160389488
167549733
174963438
182637273
190578024
198792594
207288004
216071394
225150024
234531275
244222650
254231775
264566400
275234400
286243776
297602656
309319296
321402081
333859526
346700277
359933112
373566942
387610812
402073902
416965528
432295143
448072338
464306843
481008528
498187404
515853624
534017484
552689424
571880029
591600030
611860305
632671880
654045930
675993780
698526906
721656936
745395651
769754986
794747031
820384032
846678392
873642672
901289592
929632032
958683033
988455798
1018963693
1050220248
1082239158
1115034284
1148619654
1183009464
1218218079
1254260034
1291150035
1328902960
1367533860
1407057960
1447490660
1488847536
1531144341
1574397006
1618621641
1663834536
1710052162
1757291172
1805568402
1854900872
1905305787
1956800538
2009402703
2063130048
2118000528
56031760
57211376
58409520
59626385
60862165
62117055
63391251
64684950
65998350
67331650
68685050
70058751
71452955
72867865
74303685
75760620
77238876
78738660
80260180
81803645
83369265
84957251
86567815
88201170
89857530
91537110
93240126
94966795
96717335
98491965
100290905
102114376
103962600
105835800
107734200
109658025
111607501
113582855
115584315
117612110
119666470
121747626
123855810
125991255
128154195
130344865
132563501
134810340
137085620
139389580
141722460
144084501
146475945
148897035
151348015
153829130
156340626
158882750
161455750
164059875
166695375
169362501
172061505
174792640
177556160
180352320
183181376
186043585
188939205
191868495
194831715
197829126
200860990
203927570
207029130
210165935
213338251
216546345
219790485
223070940
226387980
229741876
233132900
236561325
240027425
243531475
247073751
250654530
254274090
257932710
261630670
265368251
269145735
272963405
276821545
280720440
284660376
288641640
292664520
296729305
300836285
304985751
309177995
313413310
317691990
322014330
326380626
330791175
335246275
339746225
344291325
348881876
353518180
358200540
362929260
367704645
372527001
377396635
382313855
387278970
392292290
397354126
402464790
407624595
412833855
418092885
423402001
428761520
434171760
439633040
445145680
450710001
456326325
461994975
467716275
473490550
479318126
485199330
491134490
497123935
503167995
509267001
515421285
521631180
527897020
534219140
540597876
547033565
553526545
560077155
566685735
573352626
580078170
586862710
593706590
600610155
607573751
614597725
621682425
628828200
636035400
643304376
650635480
658029065
665485485
673005095
680588251
688235310
695946630
703722570
711563490
719469751
727441715
735479745
743584205
751755460
759993876
768299820
776673660
785115765
793626505
802206251
810855375
819574250
828363250
837222750
846153126
855154755
864228015
873373285
882590945
891881376
901244960
910682080
920193120
929778465
939438501
949173615
958984195
968870630
978833310
988872626
998988970
1009182735
1019454315
1029804105
1040232501
1050739900
1061326700
1071993300
1082740100
1093567501
1104475905
1115465715
1126537335
1137691170
1148927626
1160247110
1171650030
1183136795
1194707815
1206363501
1218104265
1229930520
1241842680
1253841160
1265926376
1278098745
1290358685
1302706615
1315142955
1327668126
1340282550
1352986650
1365780850
1378665575
1391641251
1404708305
1417867165
1431118260
1444462020
1457898876
1471429260
1485053605
1498772345
1512585915
1526494751
1540499290
1554599970
1568797230
1583091510
1597483251
1611972895
1626560885
1641247665
1656033680
1670919376
1685905200
1700991600
1716179025
1731467925
1746858751
1762351955
1777947990
1793647310
1809450370
1825357626
1841369535
1857486555
1873709145
1890037765
1906472876
1923014940
1939664420
1956421780
1973287485
1990262001
2007345795
2024539335
2041843090
2059257530
2076783126
2094420350
2112169675
2130031575
17974950
18088476
18202479
18316960
18431920
18547360
18663281
18779684
18896570
19013940
19131795
19250136
19368964
19488280
19608085
19728380
19849166
19970444
20092215
20214480
20337240
20460496
20584249
20708500
20833250
20958500
21084251
21210504
21337260
21464520
21592285
21720556
21849334
21978620
22108415
22238720
22369536
22500864
22632705
22765060
22897930
23031316
23165219
23299640
23434580
23570040
23706021
23842524
23979550
24117100
24255175
24393776
24532904
24672560
24812745
24953460
25094706
25236484
25378795
25521640
25665020
25808936
25953389
26098380
26243910
26389980
26536591
26683744
26831440
26979680
27128465
27277796
27427674
27578100
27729075
27880600
28032676
28185304
28338485
28492220
28646510
28801356
28956759
29112720
29269240
29426320
29583961
29742164
29900930
30060260
30220155
30380616
30541644
30703240
30865405
31028140
31191446
31355324
31519775
31684800
31850400
32016576
32183329
32350660
32518570
32687060
32856131
33025784
33196020
33366840
33538245
33710236
33882814
34055980
34229735
34404080
34579016
34754544
34930665
35107380
35284690
35462596
35641099
35820200
35999900
36180200
36361101
36542604
36724710
36907420
37090735
37274656
37459184
37644320
37830065
38016420
38203386
38390964
38579155
38767960
38957380
39147416
39338069
39529340
39721230
39913740
40106871
40300624
40495000
40690000
40885625
41081876
41278754
41476260
41674395
41873160
42072556
42272584
42473245
42674540
42876470
43079036
43282239
43486080
43690560
43895680
44101441
44307844
44514890
44722580
44930915
45139896
45349524
45559800
45770725
45982300
46194526
46407404
46620935
46835120
47049960
47265456
47481609
47698420
47915890
48134020
48352811
48572264
48792380
49013160
49234605
49456716
49679494
49902940
50127055
50351840
50577296
50803424
51030225
51257700
51485850
51714676
51944179
52174360
52405220
52636760
52868981
53101884
53335470
53569740
53804695
54040336
54276664
54513680
54751385
54989780
55228866
55468644
55709115
55950280
56192140
56434696
56677949
56921900
57166550
57411900
57657951
57904704
58152160
58400320
58649185
58898756
59149034
59400020
59651715
59904120
60157236
60411064
60665605
60920860
61176830
61433516
61690919
61949040
62207880
62467440
62727721
62988724
63250450
63512900
63776075
64039976
64304604
64569960
64836045
65102860
65370406
65638684
65907695
66177440
66447920
66719136
66991089
67263780
67537210
67811380
68086291
68361944
68638340
68915480
69193365
69471996
69751374
70031500
70312375
70594000
70876376
71159504
71443385
71728020
72013410
72299556
72586459
72874120
73162540
73451720
73741661
74032364
74323830
74616060
74909055
75202816
75497344
75792640
76088705
76385540
76683146
76981524
77280675
77580600
77881300
78182776
78485029
78788060
79091870
79396460
79701831
80007984
80314920
80622640
80931145
81240436
81550514
81861380
82173035
82485480
82798716
83112744
83427565
83743180
84059590
84376796
84694799
85013600
85333200
85653600
85974801
86296804
86619610
86943220
87267635
87592856
87918884
88245720
88573365
88901820
89231086
89561164
89892055
90223760
90556280
90889616
91223769
91558740
91894530
92231140
92568571
92906824
93245900
93585800
93926525
94268076
94610454
94953660
95297695
95642560
95988256
96334784
96682145
97030340
97379370
97729236
98079939
98431480
98783860
99137080
99491141
99846044
100201790
100558380
100915815
101274096
101633224
101993200
102354025
102715700
103078226
103441604
103805835
104170920
104536860
104903656
105271309
105639820
106009190
106379420
106750511
107122464
107495280
107868960
108243505
108618916
108995194
109372340
109750355
110129240
110508996
110889624
111271125
111653500
112036750
112420876
112805879
113191760
113578520
113966160
114354681
114744084
115134370
115525540
115917595
116310536
116704364
117099080
117494685
117891180
118288566
118686844
119086015
119486080
119887040
120288896
120691649
121095300
121499850
121905300
122311651
122718904
123127060
123536120
123946085
124356956
124768734
125181420
125595015
126009520
126424936
126841264
127258505
127676660
128095730
128515716
128936619
129358440
129781180
130204840
130629421
131054924
131481350
131908700
132336975
132766176
133196304
133627360
134059345
134492260
134926106
135360884
135796595
136233240
136670820
137109336
137548789
137989180
138430510
138872780
139315991
139760144
140205240
140651280
141098265
141546196
141995074
142444900
142895675
143347400
143800076
144253704
144708285
145163820
145620310
146077756
146536159
146995520
147455840
147917120
148379361
148842564
149306730
149771860
150237955
150705016
151173044
151642040
152112005
152582940
153054846
153527724
154001575
154476400
154952200
155428976
155906729
156385460
156865170
157345860
157827531
158310184
158793820
159278440
159764045
160250636
160738214
161226780
161716335
162206880
162698416
163190944
163684465
164178980
164674490
165170996
165668499
166167000
166666500
167167000
167668501
